<?xml version="1.0"?>
<opencv_storage>
<calibrationDate>"Sat 24 Mar 2018 11:41:57 AM CDT"</calibrationDate>
<framesCount>42</framesCount>
<calibrationModel>pinhole</calibrationModel>
<cameraResolution>
  1920 1080</cameraResolution>
<cameraMatrix type_id="opencv-matrix">
  <rows>3</rows>
  <cols>3</cols>
  <dt>d</dt>
  <data>
    7.6904056994522477e+02 0. 1.0468395060811738e+03 0.
    7.6904056994522477e+02 5.0713757705033936e+02 0. 0. 1.</data></cameraMatrix>
<cameraMatrix_std_dev type_id="opencv-matrix">
  <rows>4</rows>
  <cols>1</cols>
  <dt>d</dt>
  <data>
    0. 1.3509118291474890e+01 1.3611668391872273e+01
    6.4566045908151235e+00</data></cameraMatrix_std_dev>
<distortionMatrix type_id="opencv-matrix">
  <rows>1</rows>
  <cols>5</cols>
  <dt>d</dt>
  <data>
    -1.8374208601813374e-01 -7.4213385446631197e-02 0. 0.
    4.3206957100336028e-02</data></distortionMatrix>
<dist_coeffs_std_dev type_id="opencv-matrix">
  <rows>5</rows>
  <cols>1</cols>
  <dt>d</dt>
  <data>
    1.7508235203630800e-02 3.3278152787457882e-02 0. 0.
    1.5237201007538243e-02</data></dist_coeffs_std_dev>
<avg_reprojection_error>3.9866138248985736e+00</avg_reprojection_error>
</opencv_storage>
