<?xml version="1.0"?>
<opencv_storage>
<calibrationDate>"Tue 02 Apr 2019 09:46:31 PM CDT"</calibrationDate>
<calibrationModel>fisheye</calibrationModel>
<framesCount>95</framesCount>
<cameraResolution>
  1280 720</cameraResolution>
<cameraMatrix type_id="opencv-matrix">
  <rows>3</rows>
  <cols>3</cols>
  <dt>d</dt>
  <data>
    5.1638627377102364e+02 5.1565642435271828e+00 6.3839552141602485e+02
    0. 5.1862446454620635e+02 3.6028843510157810e+02 0. 0. 1.</data></cameraMatrix>
<distortionMatrix type_id="opencv-matrix">
  <rows>4</rows>
  <cols>1</cols>
  <dt>d</dt>
  <data>
    -2.8986299457461900e-01 9.5212265779691685e-01
    -3.1580072352763722e-01 -1.4169137537348789e-01</data></distortionMatrix>
<avgReprojectionError>0.</avgReprojectionError>
</opencv_storage>
