<?xml version="1.0"?>
<opencv_storage>
<calibrationDate>"Sat 24 Mar 2018 12:13:25 PM CDT"</calibrationDate>
<framesCount>28</framesCount>
<cameraResolution>
  1920 1080</cameraResolution>
<cameraMatrix type_id="opencv-matrix">
  <rows>3</rows>
  <cols>3</cols>
  <dt>d</dt>
  <data>
    2.0467745768438933e+03 0. 9.7197825643516205e+02 0.
    2.0467745768438933e+03 5.2874847526579185e+02 0. 0. 1.</data></cameraMatrix>
<cameraMatrix_std_dev type_id="opencv-matrix">
  <rows>4</rows>
  <cols>1</cols>
  <dt>d</dt>
  <data>
    0. 2.1369998623117615e+02 2.9924001980649383e+01
    3.9472767114259760e+01</data></cameraMatrix_std_dev>
<dist_coeffs type_id="opencv-matrix">
  <rows>1</rows>
  <cols>5</cols>
  <dt>d</dt>
  <data>
    2.8470933379569613e-01 -1.7147830454936006e+01
    1.9961098207356759e-03 -7.3111349767597353e-02
    7.1489334764982885e+01</data></dist_coeffs>
<dist_coeffs_std_dev type_id="opencv-matrix">
  <rows>5</rows>
  <cols>1</cols>
  <dt>d</dt>
  <data>
    4.1229139424056638e-01 9.4212103165801153e+00 2.0506807090376819e-02
    2.2291574441370036e-02 5.3045571890939968e+01</data></dist_coeffs_std_dev>
<avg_reprojection_error>4.2092129291692748e+00</avg_reprojection_error>
</opencv_storage>
