<?xml version="1.0"?>
<opencv_storage>
<calibrationDate>"Fri 16 Feb 2018 05:09:56 PM CST"</calibrationDate>
<framesCount>13</framesCount>
<cameraResolution>
  1280 720</cameraResolution>
<calibrationModel>pinhole</calibrationModel>
<cameraMatrix type_id="opencv-matrix">
  <rows>3</rows>
  <cols>3</cols>
  <dt>d</dt>
  <data>
    1.4549820901158919e+03 0. 6.2119716704690074e+02 0.
    1.4549820901158919e+03 4.3229584224320399e+02 0. 0. 1.</data></cameraMatrix>
<cameraMatrix_std_dev type_id="opencv-matrix">
  <rows>4</rows>
  <cols>1</cols>
  <dt>d</dt>
  <data>
    0. 3.9753962815636534e+01 2.1271456143473621e+01
    1.7392145887640289e+01</data></cameraMatrix_std_dev>
<dist_coeffs type_id="opencv-matrix">
  <rows>1</rows>
  <cols>5</cols>
  <dt>d</dt>
  <data>
    -1.0473352861903237e-01 -1.2930916252271554e+00
    -7.3623939605724732e-03 -7.4816606218841824e-03
    4.4752206316887371e+00</data></dist_coeffs>
<dist_coeffs_std_dev type_id="opencv-matrix">
  <rows>5</rows>
  <cols>1</cols>
  <dt>d</dt>
  <data>
    5.7925521776369983e-02 8.7692563254719080e-01 2.2657290681177369e-03
    2.2257690943239344e-03 4.2794301243810349e+00</data></dist_coeffs_std_dev>
<avg_reprojection_error>4.7234034108011258e-01</avg_reprojection_error>
</opencv_storage>
