%YAML:1.0
---
K: !!opencv-matrix
   rows: 3
   cols: 3
   dt: d
   data: [ 3.1946522796856794e+02, 0., 1.5822360596271145e+02, 0.,
       3.2052645796617009e+02, 1.2932444007759642e+02, 0., 0., 1. ]
D: !!opencv-matrix
   rows: 1
   cols: 5
   dt: d
   data: [ -4.3109073201095882e-01, 2.0343559746124459e-01,
       1.3666753419088876e-03, 2.6405253679009947e-03,
       4.4459376011390120e-02 ]
board_width: 9
board_height: 6
square_size: 2.3000000044703484e-02
