<?xml version="1.0"?>
<opencv_storage>
<K type_id="opencv-matrix">
  <rows>3</rows>
  <cols>3</cols>
  <dt>d</dt>
  <data>
    3.1946522796856794e+02 0. 1.5822360596271145e+02 0.
    3.2052645796617009e+02 1.2932444007759642e+02 0. 0. 1.</data></K>
<D type_id="opencv-matrix">
  <rows>1</rows>
  <cols>5</cols>
  <dt>d</dt>
  <data>
    -4.3109073201095882e-01 2.0343559746124459e-01
    1.3666753419088876e-03 2.6405253679009947e-03 4.4459376011390120e-02</data></D>
<board_width>9</board_width>
<board_height>6</board_height>
<square_size>2.3000000044703484e-02</square_size>
</opencv_storage>
