<?xml version="1.0"?>
<opencv_storage>
<calibrationDate>"Tue 26 Feb 2019 08:56:31 PM CST"</calibrationDate>
<framesCount>14</framesCount>
<calibrationModel>pinhole</calibrationModel>
<cameraResolution>
  640 480</cameraResolution>
<cameraMatrix type_id="opencv-matrix">
  <rows>3</rows>
  <cols>3</cols>
  <dt>d</dt>
  <data>
    5.9734106631053237e+02 0. 3.2957527473041733e+02 0.
    5.9734106631053237e+02 2.1651278253564180e+02 0. 0. 1.</data></cameraMatrix>
<cameraMatrix_std_dev type_id="opencv-matrix">
  <rows>4</rows>
  <cols>1</cols>
  <dt>d</dt>
  <data>
    0. 3.7067905514240920e+01 1.2355024489948169e+01
    1.6697248228043463e+01</data></cameraMatrix_std_dev>
<distortionMatrix type_id="opencv-matrix">
  <rows>1</rows>
  <cols>5</cols>
  <dt>d</dt>
  <data>
    -4.0339256662119644e-01 2.2045831988320985e-01
    9.9545599713117047e-03 6.1872660705332549e-03
    -1.1147922129001954e-01</data></distortionMatrix>
<dist_coeffs_std_dev type_id="opencv-matrix">
  <rows>5</rows>
  <cols>1</cols>
  <dt>d</dt>
  <data>
    6.8295467588743011e-02 1.5409866173334816e-01 9.0632547918723678e-03
    3.4977098637368415e-03 2.2171898411688162e-01</data></dist_coeffs_std_dev>
<avg_reprojection_error>2.6660066984665254e-01</avg_reprojection_error>
</opencv_storage>
