%YAML:1.0
---
K: !!opencv-matrix
   rows: 3
   cols: 3
   dt: d
   data: [ 3.2239855642588617e+02, 0., 1.6178199326458696e+02, 0.,
       3.2334496063931402e+02, 1.2171970040465305e+02, 0., 0., 1. ]
D: !!opencv-matrix
   rows: 1
   cols: 5
   dt: d
   data: [ -4.4946218028281093e-01, 3.8045794641613839e-01,
       2.0887436178478267e-04, 7.7425037618123968e-04,
       -3.3363432663802300e-01 ]
board_width: 9
board_height: 6
square_size: 2.3000000044703484e-02
