<?xml version="1.0"?>
<opencv_storage>
<calibrationDate>"Tue 26 Feb 2019 09:15:16 PM CST"</calibrationDate>
<framesCount>24</framesCount>
<cameraResolution>
  640 480</cameraResolution>
<cameraMatrix type_id="opencv-matrix">
  <rows>3</rows>
  <cols>3</cols>
  <dt>d</dt>
  <data>
    6.4285164814406801e+02 0. 3.2997333346040227e+02 0.
    6.4285164814406801e+02 2.3940146357095094e+02 0. 0. 1.</data></cameraMatrix>
<cameraMatrix_std_dev type_id="opencv-matrix">
  <rows>4</rows>
  <cols>1</cols>
  <dt>d</dt>
  <data>
    0. 3.7804713350976982e+01 4.2290664883733262e+00
    3.6525588800819921e+00</data></cameraMatrix_std_dev>
<dist_coeffs type_id="opencv-matrix">
  <rows>1</rows>
  <cols>5</cols>
  <dt>d</dt>
  <data>
    -2.9792538427059712e-01 0. 0. 0. 0.</data></dist_coeffs>
<dist_coeffs_std_dev type_id="opencv-matrix">
  <rows>5</rows>
  <cols>1</cols>
  <dt>d</dt>
  <data>
    3.5106484918148467e-02 0. 0. 0. 0.</data></dist_coeffs_std_dev>
<avg_reprojection_error>3.1998130641353095e-01</avg_reprojection_error>
</opencv_storage>
